38.159,20.272
38.34,20.28
38.26,20.29
38.28,20.29
38.12,20.339
38.29,20.31
38.21,20.36
37.2,21.69
38.3,20.4
38.109,20.324
38.205,20.358
38.23,20.48
41.27,19.46
41.369,14.444
43.638,16.997
38.902,23.09
45.63,26.59
35.52,23.28
45.74,26.55
38.75,22.8
38.74,22.75
38.03,20.78
34.83,25.08
39.33,20.38
38.7,22.68
43.501,13.668
40.374,21.873
44.171,10.205
44.153,10.135
34.26,24.96
34.43,25.04
36.71,21.75
32.781,12.537
37.43,22.7
34.73,24.02
37.731,21.485
41.714,13.576
44.168,10.454
39.64,25.55
34.14,25.07
39.881,16.009
38.93,20.66
39.651,15.724
38.1,22.77
35.16,22.46
34.74,24.02
38.25,15.709
43.964,16.748
44.189,17.89
44.2,17.92
42.59,23.11
37.469,16.742
39.19,6.25
36.35,28.94
41.24,20.9
44.899,10.943
44.879,10.947
44.873,10.95
44.888,11.008
44.854,11.106
44.851,11.086
42.66,23.01
44.831,11.49
44.86,11.095
44.86,11.095
44.863,11.37
44.886,11.189
44.89,11.23
44.887,11.237
34.73,25.4
36.68,21.74
36.53,21.55
36.78,21.65
41.779,19.342
39.46,20.53
36.01,24.25
40.13,24.06
37.59,21.65
36.19,28.68
40.13,24.09
36.03,25.06
44.523,10.009
36.04,25.06
36.07,25.07
44.871,10.51
35.976,12.652
43.286,19.586
38.42,21.82
39.2,21.62
45.58,26.53
34.22,23.67
39.79,25.67
37.2,22.05
34.24,23.73
36.87,26.58
37.96,21.68
38.4,21.83
37.366,20.072
45.01,11.367
40.14,29.96
42.026,7.625
36.49,26.69
38.064,14.784
35.23,27.77
34.75,29.08
36.35,22.2
39.12,29.04
37.94,21.13
39.15,29.1
39.065,15.13
36.7,27.24
45.6,26.58
44.738,17.308
38.12,21.96
36.6,23.01
35.54,26.63
34.45,26.62
37.38,20.3
36.95,24.0
35.08,9.42
39.983,13.274
40.43,26.3
43.74,20.69
39.97,21.44
42.42,21.59
35.3,22.24
38.16,22.71
38.41,14.919
37.22,20.89
39.4,20.5
40.5,23.6
34.7,24.4
34.23,25.03
35.82,21.86
39.31,23.99
36.23,21.81
41.137,19.761
45.57,26.42
35.6,24.7
34.2,26.04
38.15,26.31
42.8,20.7
33.98,25.42
42.204,19.509
38.3,22.4
38.42,22.04
38.4,22.0
36.04,25.45
